100m women, 1988, 1. 10.54, 2. 10.83, 3. 10.85
100m women, 1976, 1. 11.08, 2. 11.13, 3. 11.17
100m women, 1964, 1. 11.4, 2. 11.6, 3. 11.6
100m women, 1952, 1. 11.5, 2. 11.8, 3. 11.9
100m women, 1932, 1. 11.9, 2. 11.9, 3. 12.0
100m women, 2000, 2. 11.18, 2. 11.12, 3. 11.19
100m women, 1980, 1. 11.06, 2. 11.07, 3. 11.14
100m women, 1936, 1. 11.5, 2. 11.7, 3. 11.9
100m women, 1992, 1. 10.82, 2. 10.83, 3. 10.84
100m women, 1956, 1. 11.5, 2. 11.7, 3. 11.7
100m women, 2012, 1. 10.75, 2. 10.78, 3. 10.81
100m women, 1968, 1. 11.0, 2. 11.1, 3. 11.1
100m women, 1972, 1. 11.07, 2. 11.23, 3. 11.24
100m women, 1928, 1. 12.2, 2. , 3. 
100m women, 1960, 1. 11.0, 2. 11.3, 3. 11.3
100m women, 2004, 1. 10.93, 2. 10.96, 3. 10.97
100m women, 2008, 1. 10.78, 2. 10.98, 2. 10.98
100m women, 1984, 1. 10.97, 2. 11.13, 3. 11.16
100m women, 2016, 1. 10.71, 2. 10.83, 3. 10.86
100m women, 1948, 1. 11.9, 2. 12.2, 3. 12.2
