100m hurdles women, 1980, 1. 12.56, 2. 12.63, 3. 12.65
100m hurdles women, 2016, 1. 12.48, 2. 12.59, 3. 12.61
100m hurdles women, 1988, 1. 12.38, 2. 12.61, 3. 12.75
100m hurdles women, 1972, 1. 12.59, 2. 12.84, 3. 12.90
100m hurdles women, 2008, 1. 12.54,+0.1, 2. 12.64,+0.1, 3. 12.64,+0.1
100m hurdles women, 2000, 1. 12.65, 2. 12.68, 3. 12.76
100m hurdles women, 1996, 1. 12.58, 2. 12.59, 3. 12.65
100m hurdles women, 2012, 1. 12.35, 2. 12.37, 3. 12.48
100m hurdles women, 1984, 1. 12.84, 2. 12.88, 3. 13.06, 3. 13.06
100m hurdles women, 2004, 1. 12.37, 2. 12.45, 3. 12.56
100m hurdles women, 1992, 1. 12.64, 2. 12.69, 3. 12.70
100m hurdles women, 1976, 1. 12.77, 2. 12.78, 3. 12.80
