100m men, 2012, 1. 9.63, 2. 9.75, 3. 9.79
100m men, 1960, 1. 10.2, 2. 10.2, 3. 10.3
100m men, 1932, 1. 10.3, 2. 10.3, 3. 10.4
100m men, 1988, 1. 9.92, 2. 9.97, 3. 9.99
100m men, 1984, 1. 9.99, 2. 10.19, 3. 10.22
100m men, 1972, 1. 10.14, 2. 10.24, 3. 10.33
100m men, 2016, 1. 9.81, 2. 9.89, 3. 9.91
100m men, 1980, 1. 10.25, 2. 10.25, 3. 10.39
100m men, 2000, 1. 9.87, 2. 9.99, 3. 10.04
100m men, 1992, 1. 9.96, 2. 10.02, 3. 10.04
100m men, 1896, 1. 12.0, 2. 12.2, 3. 12.6, 3. 12.6
100m men, 2008, 1. 9.69, 2. 9.89, 3. 9.91
100m men, 1964, 1. 10.0, 2. 10.2, 3. 10.2
100m men, 1968, 1. 9.9, 2. 10.0, 3. 10.0
100m men, 1924, 1. 10.6, 1. 10.6, 2. 10.7, 2. 10.7
100m men, 1904, 1. 11.0, 2. 11.2, 3. 11.2
100m men, 1920, 1. 10.8, 2. 10.8, 3. 10.9
100m men, 1996, 1. 9.84, 2. 9.89, 3. 9.90
100m men, 1912, 1. 10.8, 2. 10.9, 3. 10.9
100m men, 1900, 1. 11.0, 2. 11.1, 3. 11.2
100m men, 1976, 1. 10.06, 2. 10.08, 3. 10.14
100m men, 1928, 1. 10.8, 2. 10.9, 3. 10.9
100m men, 1952, 1. 10.4, 2. 10.4, 3. 10.4
100m men, 1948, 1. 10.3, 2. 10.4, 3. 10.6
100m men, 1936, 1. 10.3, 2. 10.4, 3. 10.5
100m men, 1956, 1. 10.5, 2. 10.5, 3. 10.6
