110m hurdles men, 1976, 1. 13.30, 2. 13.33, 3. 13.38
110m hurdles men, 1936, 1. 14.2, 2. 14.4, 3. 14.4
110m hurdles men, 1956, 1. 13.5, 2. 13.5, 3. 14.1
110m hurdles men, 1952, 1. 13.7, 2. 13.7, 3. 14.1
110m hurdles men, 1996, 1. 12.95, 2. 13.09, 3. 13.17
110m hurdles men, 1964, 1. 13.6, 2. 13.7, 3. 13.7
110m hurdles men, 1924, 1. 15.0, 2. 15.0, 3. 15.4
110m hurdles men, 1920, 1. 14.8, 2. 15.1, 3. 15.1
110m hurdles men, 1960, 1. 13.8, 2. 13.8, 3. 14.0
110m hurdles men, 1984, 1. 13.20, 2. 13.23, 3. 13.40
110m hurdles men, 1972, 1. 13.24, 2. 13.34, 3. 13.48
110m hurdles men, 1948, 1. 13.9, 2. 14.1, 3. 14.1
110m hurdles men, 2012, 1. 12.92, 2. 13.04, 3. 13.12
110m hurdles men, 1904, 1. 16.0, 2. 16.3, 3. 16.4
110m hurdles men, 1968, 1. 13.3, 2. 13.4, 3. 13.4
110m hurdles men, 1980, 1. 13.39, 2. 13.40, 3. 13.44
110m hurdles men, 1912, 1. 15.1, 2. 15.2, 3. 15.3
110m hurdles men, 1988, 1. 12.98, 2. 13.28, 3. 13.38
110m hurdles men, 2008, 1. 12.93,+0.1, 2. 13.17,+0.1, 3. 13.18,+0.1
110m hurdles men, 1896, 1. 17.6, 2. 17.7
110m hurdles men, 1932, 1. 14.6, 2. 14.7, 3. 14.8
110m hurdles men, 1900, 1. 15.4, 2. 15.5, 3. 15.6
110m hurdles men, 1992, 1. 13.12, 2. 13.24, 3. 13.26
110m hurdles men, 2000, 1. 13.00, 2. 13.16, 3. 13.22
110m hurdles men, 1928, 1. 14.8, 2. 14.8, 3. 14.9
110m hurdles men, 2016, 1. 13.05, 2. 13.17, 3. 13.24
