200m women, 1980, 1. 22.03, 2. 22.19, 3. 22.20
200m women, 1988, 1. 21.34, 2. 21.72, 3. 21.95
200m women, 1976, 1. 22.37, 2. 22.39, 3. 22.47
200m women, 1992, 1. 21.81, 2. 22.02, 3. 22.09
200m women, 2012, 1. 21.88, 2. 22.09, 3. 22.14
200m women, 2004, 1. 22.05, 2. 22.18, 3. 22.30
200m women, 1964, 1. 23.0, 2. 23.1, 3. 23.1
200m women, 1952, 1. 23.7, 2. 24.2, 3. 24.2
200m women, 1948, 1. 24.4, 2. 25.1, 3. 25.2
200m women, 1960, 1. 24.0, 2. 24.4, 3. 24.7
200m women, 1968, 1. 22.5, 2. 22.7, 3. 22.8
200m women, 2000, 1. 22.27, 2. 22.28, 3. 22.35
200m women, 2008, 1. 21.74,+0.6, 2. 21.93,+0.6, 3. 22.00,+0.6
200m women, 1956, 1. 23.4, 2. 23.7, 3. 23.8
200m women, 1996, 1. 22.12, 2. 22.24, 3. 22.38
200m women, 1984, 1. 21.81, 2. 22.04, 3. 22.09
200m women, 2016, 1. 21.78, 2. 21.88, 3. 22.15
200m women, 1972, 1. 22.40, 2. 22.45, 3. 22.74
