200m men, 1964, 1. 20.3, 2. 20.5, 3. 20.6
200m men, 1976, 1. 20.23, 2. 20.29, 3. 20.43
200m men, 1968, 1. 19.8, 2. 20.0, 3. 20.0
200m men, 2012, 1. 19.32, 2. 19.44, 3. 19.84
200m men, 2008, 1. 19.30,-0.9, 2. 19.96,-0.9, 3. 19.98,-0.9
200m men, 2000, 1. 20.09, 2. 20.14, 3. 20.20
200m men, 1984, 1. 19.80, 2. 19.96, 3. 20.26
200m men, 1948, 1. 21.1, 2. 21.1, 3. 21.2
200m men, 1960, 1. 20.5, 2. 20.6, 3. 20.7
200m men, 1988, 1. 19.75, 2. 19.79, 3. 20.04
200m men, 2004, 1. 19.79, 2. 20.01, 3. 20.03
200m men, 1928, 1. 21.8, 2. 21.9, 3. 21.9
200m men, 1924, 1. 21.6, 2. 21.7, 3. 21.9
200m men, 1972, 1. 20.00, 2. 20.19, 3. 20.30
200m men, 2016, 1. 19.78, 2. 20.02, 3. 20.12
200m men, 1980, 1. 20.19, 2. 20.21, 3. 20.29
200m men, 1900, 1. 22.2, 2. 22.8, 3. 22.9
200m men, 1956, 1. 20.6, 2. 20.7, 3. 20.9
200m men, 1904, 1. 21.6, 2. 21.9, 3. 
200m men, 1912, 1. 21.7, 2. 21.8, 3. 22.0
200m men, 1952, 1. 20.7, 2. 20.8, 3. 20.8
200m men, 1996, 1. 19.32, 2. 19.68, 3. 19.80
200m men, 1932, 1. 21.2, 2. 21.4, 3. 21.5
200m men, 1992, 1. 20.01, 2. 20.13, 3. 20.38
200m men, 1920, 1. 22.0, 2. 22.1, 3. 22.2
200m men, 1936, 1. 20.7, 2. 21.1, 3. 21.3
