400m women, 1992, 1. 48.83, 2. 49.05, 3. 49.64
400m women, 1988, 1. 48.65, 2. 49.45, 3. 49.90
400m women, 1984, 1. 48.83, 2. 49.05, 3. 49.42
400m women, 1968, 1. 52.0, 2. 52.1, 3. 52.2
400m women, 1996, 1. 48.25, 2. 48.63, 3. 49.10
400m women, 2008, 1. 49.62, 2. 49.69, 3. 49.93
400m women, 1980, 1. 48.88, 2. 49.46, 3. 49.66
400m women, 1976, 1. 49.29, 2. 50.51, 3. 50.55
400m women, 2016, 1. 49.44, 2. 49.51, 3. 49.85
400m women, 2004, 1. 49.41, 2. 49.56, 3. 49.89
400m women, 2000, 1. 49.11, 2. 49.58, 3. 49.72
400m women, 2012, 1. 49.55, 2. 49.70, 3. 49.72
400m women, 1964, 1. 52.0, 2. 52.2, 3. 53.4
400m women, 1972, 1. 51.08, 2. 51.21, 3. 51.64
