400m men, 1996, 1. 43.49, 2. 44.41, 3. 44.53
400m men, 1988, 1. 43.87, 2. 43.93, 3. 44.09
400m men, 1984, 1. 44.27, 2. 44.54, 3. 44.71
400m men, 1900, 1. 49.4, 2. 49.6, 3. 
400m men, 1964, 1. 45.1, 2. 45.2, 3. 45.6
400m men, 1912, 1. 0:48.2, 2. 0:48.3, 3. 0:48.4
400m men, 1968, 1. 43.8, 2. 43.9, 3. 44.4
400m men, 1896, 1. 54.2, 2. 55.2, 3. 55.6
400m men, 1948, 1. 46.2, 2. 46.4, 3. 46.9
400m men, 1928, 1. 47.8, 2. 48.0, 3. 48.2
400m men, 1924, 1. 47.6, 2. 48.4, 3. 48.6
400m men, 2008, 1. 43.75, 2. 44.74, 3. 44.80
400m men, 1980, 1. 44.60, 2. 44.84, 3. 44.87
400m men, 1960, 1. 44.9, 2. 44.9, 3. 45.5
400m men, 1992, 1. 43.50, 2. 44.21, 3. 44.24
400m men, 2012, 1. 43.94, 2. 44.46, 3. 44.52
400m men, 1972, 1. 44.66, 2. 44.80, 3. 44.92
400m men, 2016, 1. 43.03, 2. 43.76, 3. 43.85
400m men, 1932, 1. 46.2, 2. 46.4, 3. 47.4
400m men, 1904, 1. 49.2, 2. 49.9, 3. 50.0
400m men, 1976, 1. 44.26, 2. 44.40, 3. 44.95
400m men, 2000, 1. 43.84, 2. 44.40, 3. 44.70
400m men, 1952, 1. 45.9, 2. 45.9, 3. 46.8
400m men, 1920, 1. 0:49.6, 2. 0:49.9, 3. 0:50.0
400m men, 1936, 1. 46.5, 2. 46.7, 3. 46.8
400m men, 1956, 1. 46.7, 2. 46.8, 3. 47.0, 3. 47.0
400m men, 2004, 1. 44.00, 2. 44.16, 3. 44.42
