decathlon men, 1960, 1. 8392, 2. 8334, 3. 7809
decathlon men, 1996, 1. 08824, 2. 08706, 3. 08664
decathlon men, 1928, 1. 8053.29P., 2. 7931.50P., 3. 7706.65P.
decathlon men, 1976, 1. 8618, 2. 8411, 3. 8369
decathlon men, 1952, 1. 7887, 2. 6975, 3. 6788
decathlon men, 1964, 1. 7887, 2. 7842, 3. 7809
decathlon men, 1924, 1. 7740.775P., 2. 7350.895P., 3. 7329.33P.
decathlon men, 1920, 1. 6803.355, 2. 6771.085, 3. 1,400.625, 3. 6580.030
decathlon men, 1932, 1. 8462.235, 2. 8292.48, 3. 8030.805
decathlon men, 1904, 1. 6036P., 2. 5907P., 3. 5813P.
decathlon men, 1968, 1. 8193, 2. 8111, 3. 8064
decathlon men, 2016, 1. 8893, 2. 8834, 3. 8666
decathlon men, 2012, 1. 8869, 2. 8671, 3. 8523
decathlon men, 1984, 1. 8798, 2. 8673, 3. 8412
decathlon men, 1980, 1. 8495, 2. 8331, 3. 8135
decathlon men, 1948, 1. 7139, 2. 6974, 3. 6950
decathlon men, 1988, 1. 8488, 2. 8399, 3. 8328
decathlon men, 1912, 1. 8412.955, 1. 7724.495P., 2. 7413.510P., 3. 7347.855P.
decathlon men, 1956, 1. 7937, 2. 7587, 3. 7465
decathlon men, 1936, 1. 7900, 2. 7601, 3. 7275
decathlon men, 2000, 1. 8641, 2. 8606, 3. 8595
decathlon men, 1972, 1. 8454, 2. 8035, 3. 7984
decathlon men, 1992, 1. 8611, 2. 8412, 3. 8309
decathlon men, 2008, 1. 8791, 2. 8551, 3. 8527
