high jump men, 1924, 1. 1.98, 2. 1.95, 3. 1.92
high jump men, 1960, 1. 2.16, 2. 2.16, 3. 2.14
high jump men, 1996, 1. 2.39, 2. 2.37, 3. 2.35
high jump men, 1980, 1. 2.36, 2. 2.31, 3. 2.31
high jump men, 1912, 1. 1.93, 2. 1.91, 3. 1.89
high jump men, 1896, 1. 1.81, 2. 1.65, 2. 1.65
high jump men, 1988, 1. 2.38, 2. 2.36, 3. 2.36, 3. 2.36
high jump men, 1984, 1. 2.35, 2. 2.33, 3. 2.31
high jump men, 1976, 1. 2.25, 2. 2.23, 3. 2.21
high jump men, 1972, 1. 2.23, 2. 2.21, 3. 2.21
high jump men, 2008, 1. 2.36, 2. 2.34, 3. 2.34
high jump men, 1904, 1. 1.8, 2. 1.77, 3. 1.77
high jump men, 2012, 2. 2.33, 3. 2.29, 3. 2.29, 3. 2.29
high jump men, 1920, 1. 1.935, 2. 1.90, 3. 1.90
high jump men, 1992, 1. 2.34, 2. 2.34, 3. 2.34, 3. 2.34
high jump men, 1928, 1. 1.94, 2. 1.91, 3. 1.91
high jump men, 2016, 1. 2.38, 2. 2.36, 3. 2.33
high jump men, 1952, 1. 2.04, 2. 2.01, 3. 1.98
high jump men, 2004, 1. 2.36, 2. 2.34, 3. 2.34
high jump men, 1964, 1. 2.18, 2. 2.18, 3. 2.16
high jump men, 1968, 1. 2.24, 2. 2.22, 3. 2.20
high jump men, 2000, 1. 2.35, 2. 2.32, 3. 2.32
high jump men, 1956, 1. 2.12, 2. 2.10, 3. 2.08
high jump men, 1900, 1. 1.90, 2. 1.78, 3. 1.75
high jump men, 1948, 1. 1.98, 2. 1.95, 3. 1.95
high jump men, 1936, 1. 2.03, 2. 2.00, 3. 2.00
high jump men, 1932, 1. 1.97, 2. 1.97, 3. 1.97
