long jump men, 2012, 1. 8.31, 2. 8.16, 3. 8.12
long jump men, 1896, 1. 6.35, 2. 6.18, 3. 6.11
long jump men, 1960, 1. 8.12, 2. 8.11, 3. 8.04
long jump men, 1952, 1. 7.57, 2. 7.53, 3. 7.30
long jump men, 1936, 1. 8.06, 2. 7.87, 3. 7.74
long jump men, 2008, 1. 8.34, 2. 8.24, 3. 8.20
long jump men, 1912, 1. 7.60, 2. 7.21, 3. 7.18
long jump men, 1948, 1. 7.825, 2. 7.555, 3. 7.545
long jump men, 1932, 1. 7.64, 2. 7.60, 3. 7.45
long jump men, 1968, 1. 8.90, 2. 8.19, 3. 8.16
long jump men, 1904, 1. 7.34, 2. 6.89, 3. 6.88
long jump men, 1992, 1. 8.67, 2. 8.64, 3. 8.34
long jump men, 1924, 1. 7.445, 2. 7.275, 3. 7.26
long jump men, 1980, 1. 8.54, 2. 8.21, 3. 8.18
long jump men, 2004, 1. 8.59, 2. 8.47, 3. 8.32
long jump men, 1964, 1. 8.07, 2. 8.03, 3. 7.99
long jump men, 1972, 1. 8.24, 2. 8.18, 3. 8.03
long jump men, 1988, 1. 8.72, 2. 8.49, 3. 8.27
long jump men, 1956, 1. 7.83, 2. 7.68, 3. 7.48
long jump men, 1996, 1. 8.50, 2. 8.29, 3. 8.24
long jump men, 1976, 1. 8.35, 2. 8.11, 3. 8.02
long jump men, 2016, 1. 8.38, 2. 8.37, 3. 8.29
long jump men, 2000, 1. 8.55, 2. 8.49, 3. 8.31
long jump men, 1984, 1. 8.54, 2. 8.24, 3. 8.24
long jump men, 1920, 1. 7.15, 2. 7.095, 3. 7.08
long jump men, 1928, 1. 7.73, 2. 7.58, 3. 7.40
