shot put men, 1992, 1. 21.70, 2. 20.96, 3. 20.94
shot put men, 2012, 1. 21.89, 2. 21.86, 3. 21.23
shot put men, 1996, 1. 21.62, 2. 20.79, 3. 20.75
shot put men, 1912, 1. 15.34, 2. 15.25, 3. 13.93
shot put men, 1928, 1. 15.87, 2. 15.75, 3. 15.72
shot put men, 1952, 1. 17.41, 2. 17.39, 3. 17.06
shot put men, 1924, 1. 14.995, 2. 14.895, 3. 14.64
shot put men, 1976, 1. 21.05, 2. 21.03, 3. 21.00
shot put men, 1960, 1. 19.68, 2. 19.11, 3. 19.01
shot put men, 1956, 1. 18.57, 2. 18.18, 3. 17.65
shot put men, 1948, 1. 17.12, 2. 16.68, 3. 16.42
shot put men, 1932, 1. 16.00, 2. 15.67, 3. 15.61
shot put men, 1904, 1. 14.81, 2. 14.40, 3. 13.37
shot put men, 1984, 1. 21.26, 2. 21.09, 3. 20.97
shot put men, 1968, 1. 20.54, 2. 20.12, 3. 20.09
shot put men, 1988, 1. 22.47, 2. 22.39, 3. 21.99
shot put men, 2008, 1. 21.51, 2. 21.09, 3. 21.04
shot put men, 2000, 1. 21.29, 2. 21.21, 3. 21.20
shot put men, 1896, 1. 11.22, 2. 11.20, 3. 10.36
shot put men, 1920, 1. 14.81, 2. 14.155, 3. 14.15
shot put men, 1972, 1. 21.18, 2. 21.17, 3. 21.14
shot put men, 2004, 1. 21.16, 2. 21.07, 3. 20.84
shot put men, 1964, 1. 20.33, 2. 20.20, 3. 19.39
shot put men, 2016, 1. 22.52, 2. 21.78, 3. 21.36
shot put men, 1936, 1. 16.20, 2. 16.12, 3. 15.66
shot put men, 1980, 1. 21.35, 2. 21.08, 3. 21.06
